0.5 0.1 0.999992 6.26809e-06 1.25057e-06
0.5 0.15 0.999993 5.13246e-06 1.65714e-06
0.5 0.2 0.999994 4.20239e-06 1.95772e-06
0.5 0.25 0.999994 3.44075e-06 2.17494e-06
0.5 0.3 0.999995 2.8171e-06 2.32693e-06
0.5 0.35 0.999995 2.30646e-06 2.42818e-06
0.5 0.4 0.999996 1.88838e-06 2.49024e-06
0.5 0.45 0.999996 1.54607e-06 2.5223e-06
0.5 0.5 0.999996 1.26582e-06 2.53164e-06
0.5 0.55 0.999996 1.03636e-06 2.524e-06
0.5 0.6 0.999997 8.48503e-07 2.50389e-06

0.65 0.1 0.999987 1.14118e-05 1.84473e-06
0.65 0.15 0.999988 9.3467e-06 2.42428e-06
0.65 0.2 0.99999 7.65446e-06 2.83942e-06
0.65 0.25 0.999991 6.26806e-06 3.12642e-06
0.65 0.3 0.999992 5.13244e-06 3.31427e-06
0.65 0.35 0.999992 4.20238e-06 3.42601e-06
0.65 0.4 0.999993 3.44074e-06 3.47991e-06
0.65 0.45 0.999994 2.81709e-06 3.49039e-06
0.65 0.5 0.999994 2.30646e-06 3.46883e-06
0.65 0.55 0.999995 1.88837e-06 3.42408e-06
0.65 0.6 0.999995 1.54607e-06 3.36307e-06

0.8 0.1 0.999976 2.07503e-05 2.78352e-06
0.8 0.15 0.999979 1.70039e-05 3.63191e-06
0.8 0.2 0.999982 1.39311e-05 4.22182e-06
0.8 0.25 0.999984 1.14117e-05 4.61182e-06
0.8 0.3 0.999986 9.34665e-06 4.84855e-06
0.8 0.35 0.999987 7.65442e-06 4.96897e-06
0.8 0.4 0.999989 6.26804e-06 5.00227e-06
0.8 0.45 0.99999 5.13242e-06 4.9714e-06
0.8 0.5 0.999991 4.20236e-06 4.89429e-06
0.8 0.55 0.999992 3.44073e-06 4.78486e-06
0.8 0.6 0.999993 2.81708e-06 4.65385e-06

0.95 0.1 0.999958 3.76503e-05 4.28061e-06
0.95 0.15 0.999964 3.08779e-05 5.55236e-06
0.95 0.2 0.999968 2.53159e-05 6.41345e-06
0.95 0.25 0.999972 2.07501e-05 6.95878e-06
0.95 0.3 0.999976 1.70038e-05 7.26379e-06
0.95 0.35 0.999979 1.3931e-05 7.38816e-06
0.95 0.4 0.999981 1.14117e-05 7.3789e-06
0.95 0.45 0.999983 9.3466e-06 7.2728e-06
0.95 0.5 0.999985 7.65438e-06 7.09851e-06
0.95 0.55 0.999987 6.26801e-06 6.87811e-06
0.95 0.6 0.999988 5.1324e-06 6.62852e-06

1.1 0.1 0.999925 6.81012e-05 6.68376e-06
1.1 0.15 0.999935 5.59161e-05 8.62925e-06
1.1 0.2 0.999944 4.58917e-05 9.91713e-06
1.1 0.25 0.999952 3.76499e-05 1.07015e-05
1.1 0.3 0.999958 3.08776e-05 1.11047e-05
1.1 0.35 0.999963 2.53156e-05 1.12235e-05
1.1 0.4 0.999968 2.07499e-05 1.1134e-05
1.1 0.45 0.999972 1.70036e-05 1.08956e-05
1.1 0.5 0.999976 1.39309e-05 1.05545e-05
1.1 0.55 0.999978 1.14116e-05 1.0146e-05
1.1 0.6 0.999981 9.34654e-06 9.69704e-06

1.25 0.1 0.999867 0.000122665 1.0557e-05
1.25 0.15 0.999886 0.000100869 1.3583e-05
1.25 0.2 0.999902 8.29016e-05 1.55504e-05
1.25 0.25 0.999915 6.81e-05 1.67093e-05
1.25 0.3 0.999927 5.59152e-05 1.72584e-05
1.25 0.35 0.999937 4.5891e-05 1.73549e-05
1.25 0.4 0.999945 3.76494e-05 1.71223e-05
1.25 0.45 0.999952 3.08772e-05 1.66569e-05
1.25 0.5 0.999959 2.53153e-05 1.60335e-05
1.25 0.55 0.999964 2.07497e-05 1.53092e-05
1.25 0.6 0.999968 1.70035e-05 1.45275e-05

1.4 0.1 0.999763 0.000219788 1.6811e-05
1.4 0.15 0.999797 0.000181072 2.15787e-05
1.4 0.2 0.999826 0.000149078 2.46374e-05
1.4 0.25 0.999851 0.000122661 2.63923e-05
1.4 0.3 0.999872 0.000100867 2.71657e-05
1.4 0.35 0.99989 8.28997e-05 2.72129e-05
1.4 0.4 0.999905 6.80986e-05 2.67346e-05
1.4 0.45 0.999918 5.59141e-05 2.58873e-05
1.4 0.5 0.999929 4.58902e-05 2.47925e-05
1.4 0.55 0.999939 3.76488e-05 2.35429e-05
1.4 0.6 0.999947 3.08768e-05 2.22091e-05

1.55 0.1 0.999582 0.000391348 2.69069e-05
1.55 0.15 0.999642 0.00032312 3.44897e-05
1.55 0.2 0.999694 0.000266583 3.93117e-05
1.55 0.25 0.999738 0.000219778 4.20268e-05
1.55 0.3 0.999776 0.000181065 4.31566e-05
1.55 0.35 0.999808 0.000149073 4.31148e-05
1.55 0.4 0.999835 0.000122658 4.2227e-05
1.55 0.45 0.999858 0.000100864 4.0748e-05
1.55 0.5 0.999878 8.28977e-05 3.88751e-05
1.55 0.55 0.999895 6.80971e-05 3.67596e-05
1.55 0.6 0.99991 5.5913e-05 3.45161e-05

1.7 0.1 0.999265 0.000691821 4.31729e-05
1.7 0.15 0.999372 0.000572632 5.53084e-05
1.7 0.2 0.999463 0.000473571 6.2989e-05
1.7 0.25 0.999541 0.000391322 6.72653e-05
1.7 0.3 0.999608 0.000323101 6.89775e-05
1.7 0.35 0.999665 0.000266569 6.87938e-05
1.7 0.4 0.999713 0.000219768 6.72414e-05
1.7 0.45 0.999754 0.000181058 6.47337e-05
1.7 0.5 0.999789 0.000149068 6.15915e-05
1.7 0.55 0.999819 0.000122654 5.80612e-05
1.7 0.6 0.999845 0.000100861 5.433e-05

1.85 0.1 0.998718 0.00121319 6.92899e-05
1.85 0.15 0.998904 0.00100695 8.87784e-05
1.85 0.2 0.999064 0.000834981 0.000101098
1.85 0.25 0.9992 0.00069175 0.000107927
1.85 0.3 0.999317 0.00057258 0.000110612
1.85 0.35 0.999416 0.000473532 0.000110227
1.85 0.4 0.999501 0.000391294 0.000107621
1.85 0.45 0.999573 0.00032308 0.000103463
1.85 0.5 0.999635 0.000266554 9.82743e-05
1.85 0.55 0.999688 0.000219757 9.24548e-05
1.85 0.6 0.999733 0.000181049 8.63097e-05

2 0.1 0.99778 0.00210881 0.000111027
2 0.15 0.998102 0.00175556 0.000142357
2 0.2 0.998378 0.00146 0.000162198
2 0.25 0.998614 0.00121299 0.000173213
2 0.3 0.998816 0.0010068 0.000177546
2 0.35 0.998988 0.000834876 0.000176913
2 0.4 0.999136 0.000691672 0.000172676
2 0.45 0.999262 0.000572522 0.000165911
2 0.5 0.999369 0.00047349 0.000157461
2 0.55 0.999461 0.000391263 0.000147974
2 0.6 0.999539 0.000323057 0.000137947

