0 0.853971 0.0939368 0.0520922
0.2 -28.7944 -0.0285789 0.00998934
0.4 -57.3257 -0.147465 -0.033196
0.6 -84.7852 -0.259812 -0.077361
0.8 -111.216 -0.363236 -0.122363
1 -136.658 -0.455942 -0.168029
1.2 -161.151 -0.536739 -0.214166
1.4 -184.732 -0.605022 -0.260571
1.6 -207.434 -0.660717 -0.307038
1.8 -229.291 -0.704199 -0.353369
2 -250.335 -0.736208 -0.39938
2.2 -270.595 -0.75775 -0.444901
2.4 -290.099 -0.770008 -0.489788
2.6 -308.876 -0.774259 -0.533914
2.8 -326.951 -0.771798 -0.577179
3 -344.351 -0.763885 -0.619503
3.2 -361.098 -0.751699 -0.660828
3.4 -377.217 -0.73631 -0.701115
3.6 -392.73 -0.718659 -0.740341
3.8 -407.661 -0.699551 -0.778499
4 -422.029 -0.679658 -0.815591
4.2 -435.856 -0.659521 -0.851631
4.4 -449.162 -0.639568 -0.886639
4.6 -461.966 -0.620119 -0.920642
4.8 -474.286 -0.601408 -0.953669
5 -486.142 -0.583592 -0.985752
5.2 -497.549 -0.566768 -1.01693
5.4 -508.526 -0.550985 -1.04722
5.6 -519.088 -0.536254 -1.07668
5.8 -529.25 -0.522559 -1.10533
6 -539.029 -0.509863 -1.1332
6.2 -548.438 -0.498117 -1.16033
6.4 -557.492 -0.487263 -1.18674
6.6 -566.204 -0.47724 -1.21246
6.8 -574.587 -0.467985 -1.23752
7 -582.653 -0.459436 -1.26194
7.2 -590.414 -0.451533 -1.28575
7.4 -597.883 -0.444221 -1.30897
7.6 -605.069 -0.437445 -1.33162
7.8 -611.984 -0.431159 -1.35371
8 -618.638 -0.425319 -1.37527
8.2 -625.041 -0.419884 -1.39631
8.4 -631.202 -0.414817 -1.41686
8.6 -637.131 -0.410088 -1.43692
8.8 -642.836 -0.405665 -1.45651
9 -648.325 -0.401524 -1.47565
9.2 -653.608 -0.39764 -1.49434
9.4 -658.691 -0.393992 -1.5126
9.6 -663.583 -0.390562 -1.53045
9.8 -668.29 -0.387332 -1.54789
10 -672.819 -0.384288 -1.56493
10.2 -677.178 -0.381414 -1.58159
10.4 -681.372 -0.3787 -1.59787
10.6 -685.408 -0.376132 -1.6138
10.8 -689.292 -0.373702 -1.62936
11 -693.029 -0.3714 -1.64458
11.2 -696.626 -0.369218 -1.65947
11.4 -700.087 -0.367147 -1.67402
11.6 -703.417 -0.365181 -1.68826
11.8 -706.622 -0.363313 -1.70218
12 -709.706 -0.361536 -1.7158
12.2 -712.674 -0.359847 -1.72912
12.4 -715.53 -0.358239 -1.74215
12.6 -718.278 -0.356707 -1.7549
12.8 -720.923 -0.355248 -1.76737
13 -723.468 -0.353857 -1.77958
13.2 -725.917 -0.352531 -1.79152
13.4 -728.274 -0.351266 -1.8032
13.6 -730.542 -0.350058 -1.81463
13.8 -732.724 -0.348905 -1.82582
14 -734.825 -0.347804 -1.83676
14.2 -736.846 -0.346752 -1.84748
14.4 -738.791 -0.345747 -1.85796
14.6 -740.663 -0.344786 -1.86823
14.8 -742.464 -0.343867 -1.87827
15 -744.197 -0.342988 -1.8881
15.2 -745.866 -0.342147 -1.89772
15.4 -747.471 -0.341342 -1.90714
15.6 -749.016 -0.340571 -1.91636
15.8 -750.502 -0.339834 -1.92539
16 -751.933 -0.339128 -1.93422
16.2 -753.31 -0.338451 -1.94287
16.4 -754.635 -0.337803 -1.95134
16.6 -755.91 -0.337182 -1.95963
16.8 -757.137 -0.336587 -1.96775
17 -758.318 -0.336016 -1.97569
17.2 -759.454 -0.335469 -1.98347
17.4 -760.548 -0.334945 -1.99109
17.6 -761.6 -0.334442 -1.99855
17.8 -762.613 -0.333959 -2.00585
18 -763.588 -0.333497 -2.013
18.2 -764.526 -0.333053 -2.02
18.4 -765.429 -0.332627 -2.02686
18.6 -766.298 -0.332218 -2.03357
18.8 -767.134 -0.331826 -2.04015
19 -767.939 -0.331449 -2.04659
19.2 -768.713 -0.331088 -2.05289
19.4 -769.458 -0.330741 -2.05907
19.6 -770.176 -0.330408 -2.06511
19.8 -770.866 -0.330088 -2.07104
20 -771.53 -0.329781 -2.07684
20.2 -772.169 -0.329486 -2.08252
20.4 -772.785 -0.329202 -2.08808
20.6 -773.377 -0.32893 -2.09353
20.8 -773.947 -0.328669 -2.09887
21 -774.495 -0.328418 -2.10409
21.2 -775.023 -0.328176 -2.10921
21.4 -775.531 -0.327944 -2.11423
21.6 -776.02 -0.327722 -2.11914
21.8 -776.491 -0.327507 -2.12395
22 -776.944 -0.327302 -2.12866
22.2 -777.379 -0.327104 -2.13328
22.4 -777.799 -0.326914 -2.1378
22.6 -778.203 -0.326731 -2.14223
22.8 -778.591 -0.326556 -2.14657
23 -778.965 -0.326387 -2.15082
23.2 -779.325 -0.326224 -2.15498
23.4 -779.672 -0.326068 -2.15906
23.6 -780.005 -0.325918 -2.16305
23.8 -780.326 -0.325774 -2.16696
24 -780.635 -0.325636 -2.1708
24.2 -780.932 -0.325502 -2.17455
24.4 -781.218 -0.325374 -2.17823
24.6 -781.493 -0.325251 -2.18184
24.8 -781.758 -0.325132 -2.18537
25 -782.014 -0.325018 -2.18883
25.2 -782.259 -0.324908 -2.19221
25.4 -782.495 -0.324803 -2.19553
25.6 -782.723 -0.324702 -2.19879
25.8 -782.942 -0.324604 -2.20197
26 -783.153 -0.32451 -2.2051
26.2 -783.355 -0.32442 -2.20816
26.4 -783.551 -0.324333 -2.21115
26.6 -783.739 -0.32425 -2.21409
26.8 -783.919 -0.324169 -2.21697
27 -784.093 -0.324092 -2.21978
27.2 -784.261 -0.324018 -2.22255
27.4 -784.422 -0.323946 -2.22525
27.6 -784.578 -0.323877 -2.2279
27.8 -784.727 -0.323811 -2.2305
28 -784.871 -0.323747 -2.23304
28.2 -785.009 -0.323686 -2.23554
28.4 -785.143 -0.323627 -2.23798
28.6 -785.271 -0.32357 -2.24037
28.8 -785.394 -0.323516 -2.24272
29 -785.513 -0.323463 -2.24502
29.2 -785.628 -0.323413 -2.24727
29.4 -785.738 -0.323364 -2.24948
29.6 -785.844 -0.323317 -2.25164
29.8 -785.946 -0.323272 -2.25376
30 -786.044 -0.323229 -2.25583
30.2 -786.139 -0.323187 -2.25787
30.4 -786.23 -0.323147 -2.25986
30.6 -786.318 -0.323108 -2.26182
30.8 -786.402 -0.323071 -2.26373
31 -786.483 -0.323035 -2.2656
31.2 -786.561 -0.323001 -2.26744
31.4 -786.637 -0.322968 -2.26924
31.6 -786.709 -0.322936 -2.27101
31.8 -786.779 -0.322905 -2.27274
32 -786.846 -0.322876 -2.27443
32.2 -786.911 -0.322847 -2.27609
32.4 -786.973 -0.32282 -2.27772
32.6 -787.033 -0.322793 -2.27931
32.8 -787.091 -0.322768 -2.28088
33 -787.146 -0.322744 -2.28241
33.2 -787.2 -0.32272 -2.28391
33.4 -787.251 -0.322697 -2.28538
33.6 -787.301 -0.322676 -2.28682
33.8 -787.349 -0.322655 -2.28823
34 -787.395 -0.322635 -2.28962
34.2 -787.439 -0.322615 -2.29097
34.4 -787.481 -0.322596 -2.2923
34.6 -787.522 -0.322578 -2.2936
34.8 -787.562 -0.322561 -2.29488
35 -787.6 -0.322544 -2.29613
35.2 -787.637 -0.322528 -2.29736
35.4 -787.672 -0.322513 -2.29856
35.6 -787.706 -0.322498 -2.29973
35.8 -787.738 -0.322484 -2.30089
36 -787.77 -0.32247 -2.30202
36.2 -787.8 -0.322457 -2.30313
36.4 -787.829 -0.322444 -2.30421
36.6 -787.858 -0.322431 -2.30528
36.8 -787.885 -0.32242 -2.30632
37 -787.911 -0.322408 -2.30734
37.2 -787.936 -0.322397 -2.30834
37.4 -787.96 -0.322387 -2.30932
37.6 -787.983 -0.322376 -2.31029
37.8 -788.006 -0.322367 -2.31123
38 -788.027 -0.322357 -2.31215
38.2 -788.048 -0.322348 -2.31306
38.4 -788.068 -0.322339 -2.31395
38.6 -788.087 -0.322331 -2.31481
38.8 -788.106 -0.322323 -2.31567
39 -788.124 -0.322315 -2.3165
39.2 -788.141 -0.322307 -2.31732
39.4 -788.158 -0.3223 -2.31812
39.6 -788.174 -0.322293 -2.31891
39.8 -788.189 -0.322286 -2.31968
40 -788.204 -0.32228 -2.32044
40.2 -788.218 -0.322274 -2.32118
40.4 -788.232 -0.322268 -2.3219
40.6 -788.245 -0.322262 -2.32261
40.8 -788.258 -0.322256 -2.32331
41 -788.27 -0.322251 -2.32399
41.2 -788.282 -0.322246 -2.32466
41.4 -788.293 -0.322241 -2.32532
41.6 -788.304 -0.322236 -2.32596
41.8 -788.315 -0.322231 -2.32659
42 -788.325 -0.322227 -2.32721
42.2 -788.335 -0.322223 -2.32781
42.4 -788.345 -0.322218 -2.32841
42.6 -788.354 -0.322214 -2.32899
42.8 -788.362 -0.322211 -2.32956
43 -788.371 -0.322207 -2.33012
43.2 -788.379 -0.322203 -2.33067
43.4 -788.387 -0.3222 -2.3312
43.6 -788.395 -0.322197 -2.33173
43.8 -788.402 -0.322193 -2.33224
44 -788.409 -0.32219 -2.33275
44.2 -788.416 -0.322187 -2.33324
44.4 -788.422 -0.322184 -2.33373
44.6 -788.429 -0.322182 -2.3342
44.8 -788.435 -0.322179 -2.33467
45 -788.44 -0.322177 -2.33513
45.2 -788.446 -0.322174 -2.33557
45.4 -788.451 -0.322172 -2.33601
45.6 -788.457 -0.322169 -2.33644
45.8 -788.462 -0.322167 -2.33687
46 -788.467 -0.322165 -2.33728
46.2 -788.471 -0.322163 -2.33768
46.4 -788.476 -0.322161 -2.33808
46.6 -788.48 -0.322159 -2.33847
46.8 -788.484 -0.322157 -2.33885
47 -788.488 -0.322156 -2.33922
47.2 -788.492 -0.322154 -2.33959
47.4 -788.496 -0.322152 -2.33995
47.6 -788.5 -0.322151 -2.3403
47.8 -788.503 -0.322149 -2.34065
48 -788.507 -0.322148 -2.34098
48.2 -788.51 -0.322146 -2.34132
48.4 -788.513 -0.322145 -2.34164
48.6 -788.516 -0.322144 -2.34196
48.8 -788.519 -0.322142 -2.34227
49 -788.522 -0.322141 -2.34258
49.2 -788.524 -0.32214 -2.34288
49.4 -788.527 -0.322139 -2.34317
49.6 -788.53 -0.322138 -2.34346
49.8 -788.532 -0.322137 -2.34374
50 -788.534 -0.322136 -2.34402
50.2 -788.537 -0.322135 -2.34429
50.4 -788.539 -0.322134 -2.34455
50.6 -788.541 -0.322133 -2.34481
50.8 -788.543 -0.322132 -2.34507
51 -788.545 -0.322131 -2.34532
51.2 -788.547 -0.32213 -2.34557
51.4 -788.549 -0.322129 -2.34581
51.6 -788.55 -0.322129 -2.34604
51.8 -788.552 -0.322128 -2.34627
52 -788.554 -0.322127 -2.3465
52.2 -788.555 -0.322126 -2.34672
52.4 -788.557 -0.322126 -2.34694
52.6 -788.558 -0.322125 -2.34715
52.8 -788.56 -0.322125 -2.34736
53 -788.561 -0.322124 -2.34756
53.2 -788.562 -0.322123 -2.34776
53.4 -788.564 -0.322123 -2.34796
53.6 -788.565 -0.322122 -2.34815
53.8 -788.566 -0.322122 -2.34834
54 -788.567 -0.322121 -2.34853
54.2 -788.568 -0.322121 -2.34871
54.4 -788.569 -0.32212 -2.34889
54.6 -788.57 -0.32212 -2.34906
54.8 -788.571 -0.322119 -2.34923
55 -788.572 -0.322119 -2.3494
55.2 -788.573 -0.322119 -2.34957
55.4 -788.574 -0.322118 -2.34973
55.6 -788.575 -0.322118 -2.34988
55.8 -788.576 -0.322118 -2.35004
56 -788.577 -0.322117 -2.35019
56.2 -788.578 -0.322117 -2.35034
56.4 -788.578 -0.322117 -2.35048
56.6 -788.579 -0.322116 -2.35063
56.8 -788.58 -0.322116 -2.35077
57 -788.58 -0.322116 -2.3509
57.2 -788.581 -0.322115 -2.35104
57.4 -788.582 -0.322115 -2.35117
57.6 -788.582 -0.322115 -2.3513
57.8 -788.583 -0.322115 -2.35143
58 -788.583 -0.322114 -2.35155
58.2 -788.584 -0.322114 -2.35167
58.4 -788.585 -0.322114 -2.35179
58.6 -788.585 -0.322114 -2.35191
58.8 -788.586 -0.322113 -2.35202
59 -788.586 -0.322113 -2.35213
59.2 -788.587 -0.322113 -2.35224
59.4 -788.587 -0.322113 -2.35235
59.6 -788.587 -0.322113 -2.35246
59.8 -788.588 -0.322112 -2.35256
60 -788.588 -0.322112 -2.35266
60.2 -788.589 -0.322112 -2.35276
60.4 -788.589 -0.322112 -2.35286
60.6 -788.589 -0.322112 -2.35296
60.8 -788.59 -0.322112 -2.35305
61 -788.59 -0.322111 -2.35314
61.2 -788.59 -0.322111 -2.35323
61.4 -788.591 -0.322111 -2.35332
61.6 -788.591 -0.322111 -2.35341
61.8 -788.591 -0.322111 -2.35349
62 -788.592 -0.322111 -2.35357
62.2 -788.592 -0.322111 -2.35366
62.4 -788.592 -0.32211 -2.35374
62.6 -788.592 -0.32211 -2.35381
62.8 -788.593 -0.32211 -2.35389
63 -788.593 -0.32211 -2.35397
63.2 -788.593 -0.32211 -2.35404
63.4 -788.593 -0.32211 -2.35411
63.6 -788.594 -0.32211 -2.35418
63.8 -788.594 -0.32211 -2.35425
64 -788.594 -0.32211 -2.35432
64.2 -788.594 -0.32211 -2.35439
64.4 -788.595 -0.322109 -2.35445
64.6 -788.595 -0.322109 -2.35452
64.8 -788.595 -0.322109 -2.35458
65 -788.595 -0.322109 -2.35464
65.2 -788.595 -0.322109 -2.3547
65.4 -788.595 -0.322109 -2.35476
65.6 -788.596 -0.322109 -2.35482
65.8 -788.596 -0.322109 -2.35487
66 -788.596 -0.322109 -2.35493
66.2 -788.596 -0.322109 -2.35498
66.4 -788.596 -0.322109 -2.35504
66.6 -788.596 -0.322109 -2.35509
66.8 -788.596 -0.322109 -2.35514
67 -788.597 -0.322109 -2.35519
67.2 -788.597 -0.322109 -2.35524
67.4 -788.597 -0.322108 -2.35529
67.6 -788.597 -0.322108 -2.35534
67.8 -788.597 -0.322108 -2.35538
68 -788.597 -0.322108 -2.35543
68.2 -788.597 -0.322108 -2.35547
68.4 -788.597 -0.322108 -2.35552
68.6 -788.598 -0.322108 -2.35556
68.8 -788.598 -0.322108 -2.3556
69 -788.598 -0.322108 -2.35564
69.2 -788.598 -0.322108 -2.35569
69.4 -788.598 -0.322108 -2.35572
69.6 -788.598 -0.322108 -2.35576
69.8 -788.598 -0.322108 -2.3558
