0.999999 -5.70409e-07 1.26582e-06 4.27214e-07 0 1.26582e-07
0.999998 -7.61958e-07 1.77392e-06 5.98696e-07 1.46198e-07 1.68255e-07
0.999997 -1.05548e-06 2.48597e-06 8.39011e-07 3.42223e-07 2.27208e-07
0.999996 -1.49191e-06 3.48384e-06 1.17579e-06 6.08611e-07 3.10346e-07
0.999994 -2.06611e-06 4.88225e-06 1.64774e-06 9.7411e-07 4.27343e-07
0.999992 -2.92095e-06 6.84196e-06 2.30913e-06 1.47898e-06 5.9176e-07
0.999988 -4.04409e-06 9.58829e-06 3.23599e-06 2.17959e-06 8.22605e-07
0.999983 -5.65584e-06 1.34369e-05 4.53484e-06 3.15495e-06 1.14651e-06
0.999976 -7.91497e-06 1.88304e-05 6.35503e-06 4.51572e-06 1.60081e-06
0.999967 -1.11314e-05 2.63886e-05 8.90572e-06 6.41697e-06 2.2378e-06
0.999953 -1.55518e-05 3.69803e-05 1.248e-05 9.07596e-06 3.13078e-06
0.999934 -2.17847e-05 5.18229e-05 1.74885e-05 1.27971e-05 4.38247e-06
0.999908 -3.05577e-05 7.26221e-05 2.45066e-05 1.80071e-05 6.13677e-06
0.999871 -4.28149e-05 0.000101768 3.43401e-05 2.53035e-05 8.59533e-06
0.999819 -5.99781e-05 0.000142607 4.8117e-05 3.55239e-05 1.20405e-05
0.999747 -8.40777e-05 0.000199831 6.74177e-05 4.98415e-05 1.6868e-05
0.999645 -0.000117765 0.000280005 9.4452e-05 6.99e-05 2.36317e-05
0.999503 -0.000165002 0.000392323 0.000132312 9.80016e-05 3.31072e-05
0.999303 -0.000231073 0.000549655 0.000185317 0.00013737 4.63799e-05
0.999024 -0.000323623 0.000769997 0.000259498 0.000192519 6.49673e-05
0.998632 -0.000453017 0.00107851 0.000363259 0.000269763 9.09908e-05
0.998084 -0.000633953 0.0015103 0.000508279 0.000377937 0.000127409
0.997318 -0.000886715 0.00211435 0.000710758 0.000529384 0.000178349
0.996246 -0.0012392 0.00295876 0.000993028 0.000741334 0.000249543
0.994749 -0.00172996 0.00413802 0.00138572 0.0010378 0.000348939
0.99266 -0.00241133 0.00578261 0.00193041 0.00145217 0.0004875
0.989751 -0.00335393 0.00807171 0.00268284 0.00203074 0.00068025
0.985709 -0.00465108 0.0112493 0.00371626 0.00283738 0.000947594
0.980113 -0.00642336 0.0156437 0.0051242 0.00395973 0.00131689
0.9724 -0.00882034 0.0216893 0.00702083 0.00551694 0.00182412
0.961841 -0.0120171 0.0299468 0.00953568 0.00766913 0.00251536
0.947512 -0.0161977 0.0411144 0.0127971 0.0106278 0.0034472
0.928302 -0.0215182 0.0560148 0.0168969 0.0146657 0.00468487
0.902968 -0.0280392 0.0755368 0.0218289 0.0201229 0.006296
0.87027 -0.0356229 0.1005 0.0273998 0.0274031 0.00833731
0.829236 -0.0438163 0.13142 0.0331333 0.0369525 0.0108325
0.779533 -0.0517764 0.168192 0.0382244 0.049213 0.0137434
0.721881 -0.0583266 0.209755 0.0416239 0.0645447 0.0169415
0.658316 -0.0622295 0.253935 0.0423203 0.0831287 0.020198
0.592091 -0.0626183 0.297632 0.0397474 0.104875 0.0232085
0.527101 -0.0593723 0.337425 0.034097 0.129376 0.0256565
0.467024 -0.0531807 0.370395 0.0263025 0.155936 0.0272935
0.414535 -0.0452352 0.394788 0.0176737 0.18367 0.0279994
0.370959 -0.0367723 0.41022 0.00942665 0.211645 0.0277942
0.336381 -0.0287343 0.417446 0.00237548 0.239008 0.0268066
0.310036 -0.0216577 0.41789 -0.00312665 0.265066 0.0252224
0.29074 -0.0157381 0.4132 -0.00707812 0.289322 0.0232374
0.277212 -0.0109516 0.404931 -0.00967542 0.311465 0.0210265
0.268262 -0.00716724 0.394397 -0.0111886 0.331345 0.0187306
0.262873 -0.00422006 0.382622 -0.0118856 0.34893 0.0164541
0.260212 -0.00194957 0.370362 -0.0119975 0.36428 0.0142687
0.259619 -0.00021733 0.358149 -0.0117081 0.377509 0.0122206
0.260575 0.00109016 0.346341 -0.0111565 0.388771 0.0103359
0.262675 0.00206269 0.335168 -0.0104447 0.398236 0.00862705
0.265603 0.0027708 0.324763 -0.00964497 0.406081 0.00709624
0.269112 0.00326899 0.315196 -0.00880784 0.412483 0.00573941
0.273007 0.0036001 0.30649 -0.00796767 0.417612 0.00454825
0.277134 0.00379748 0.29864 -0.00714735 0.421628 0.00351225
0.281372 0.00388768 0.291618 -0.00636136 0.424681 0.00261924
0.285624 0.00389224 0.285384 -0.00561864 0.426908 0.00185665
0.289813 0.00382837 0.279893 -0.0049243 0.428432 0.0012123
0.29388 0.00371033 0.275093 -0.00428045 0.429366 0.000673925
0.297777 0.00355013 0.270933 -0.0036878 0.42981 0.000230175
0.301469 0.00335781 0.26736 -0.00314562 0.429853 -0.000129812
0.30493 0.00314187 0.264323 -0.00265248 0.429574 -0.000416075
0.308141 0.00290984 0.261772 -0.00220661 0.429042 -0.000637925
0.311092 0.00266752 0.259661 -0.00180568 0.428316 -0.00080365
0.313776 0.00242068 0.257944 -0.00144758 0.42745 -0.000921225
0.316193 0.00217385 0.256578 -0.00112984 0.426487 -0.000997638
0.318346 0.00193101 0.255523 -0.000850125 0.425466 -0.00103933
0.320243 0.0016953 0.254741 -0.000605901 0.424418 -0.00105203
0.321894 0.00146938 0.254197 -0.000394768 0.423369 -0.00104086
0.323311 0.00125552 0.253858 -0.000214383 0.422342 -0.00101057
0.324509 0.00105536 0.253693 -6.22816e-05 0.421353 -0.000965262
0.325503 0.000870238 0.253674 6.3799e-05 0.420415 -0.000908537
0.32631 0.000700965 0.253775 0.000166223 0.419538 -0.000843625
0.326947 0.000547794 0.253974 0.000247244 0.41873 -0.000773225
0.327432 0.000410871 0.254249 0.000309167 0.417993 -0.000699662
0.327783 0.000289901 0.254581 0.000354249 0.417331 -0.000625087
0.328015 0.000184694 0.254954 0.000384343 0.416743 -0.000551037
0.328145 9.45324e-05 0.255353 0.000401543 0.416228 -0.00047895
0.32819 1.82032e-05 0.255766 0.000407947 0.415784 -0.0004099
0.328162 -4.47237e-05 0.256182 0.000405024 0.415407 -0.000344737
0.328075 -9.55617e-05 0.256593 0.000394512 0.415093 -0.000284012
0.327943 -0.000135637 0.256991 0.000378162 0.414837 -0.000228212
0.327774 -0.000165472 0.25737 0.000356972 0.414635 -0.000177687
0.32758 -0.000186692 0.257726 0.000332467 0.41448 -0.0001324
0.327369 -0.000200494 0.258057 0.000305669 0.414368 -9.23e-05
0.327148 -0.000207729 0.25836 0.000277479 0.414294 -5.7375e-05
0.326924 -0.000209417 0.258633 0.000248805 0.414252 -2.745e-05
0.326701 -0.000206663 0.258878 0.000220176 0.414238 -2.075e-06
0.326484 -0.00020011 0.259093 0.000192247 0.414247 1.88625e-05
0.326276 -0.000190671 0.25928 0.000165421 0.414274 3.5875e-05
0.326079 -0.000178905 0.25944 0.000139968 0.414317 4.91875e-05
0.325897 -0.000165919 0.259575 0.000116419 0.414372 5.925e-05
0.325729 -0.000151693 0.259686 9.46555e-05 0.414435 6.64125e-05
0.325577 -0.000137108 0.259776 7.49454e-05 0.414504 7.11e-05
0.325441 -0.000122334 0.259846 5.7296e-05 0.414576 7.36e-05
0.32532 -0.000107671 0.259899 4.15838e-05 0.41465 7.4275e-05
0.325215 -9.36432e-05 0.259937 2.79432e-05 0.414724 7.345e-05
0.325124 -8.00301e-05 0.259961 1.61176e-05 0.414797 7.12875e-05
0.325048 -6.75144e-05 0.259974 6.23938e-06 0.414867 6.82125e-05
0.324984 -5.58452e-05 0.259978 -2.07982e-06 0.414933 6.44875e-05
0.324932 -4.50234e-05 0.259973 -8.83908e-06 0.414995 6.01125e-05
0.324891 -3.53446e-05 0.259962 -1.41679e-05 0.415053 5.53875e-05
0.324859 -2.65863e-05 0.259946 -1.83262e-05 0.415106 5.0475e-05
0.324836 -1.90735e-05 0.259927 -2.1314e-05 0.415154 4.5575e-05
0.324821 -1.24511e-05 0.259904 -2.32614e-05 0.415197 4.05875e-05
0.324812 -6.82128e-06 0.25988 -2.44287e-05 0.415235 3.58125e-05
0.324808 -1.99142e-06 0.259855 -2.49461e-05 0.415269 3.11875e-05
0.324809 2.03867e-06 0.259829 -2.48137e-05 0.415298 2.6775e-05
0.324814 5.13677e-06 0.259804 -2.41618e-05 0.415323 2.27125e-05
0.324821 7.68781e-06 0.25978 -2.32503e-05 0.415343 1.90625e-05
0.324831 9.66188e-06 0.259756 -2.19494e-05 0.415361 1.55375e-05
0.324842 1.1119e-05 0.259734 -2.0519e-05 0.415375 1.24625e-05
0.324855 1.18668e-05 0.259714 -1.88293e-05 0.415386 9.775e-06
0.324868 1.24524e-05 0.259695 -1.71399e-05 0.415394 7.375e-06
0.324881 1.27133e-05 0.259678 -1.54508e-05 0.415401 5.2375e-06
0.324895 1.24573e-05 0.259663 -1.36323e-05 0.415405 3.4875e-06
0.324908 1.20689e-05 0.25965 -1.19439e-05 0.415408 2e-06
0.324921 1.15182e-05 0.259638 -1.02557e-05 0.415409 7.375e-07
0.324932 1.10274e-05 0.259628 -8.82735e-06 0.415409 -2.625e-07
0.324944 1.00194e-05 0.25962 -7.26936e-06 0.415409 -1.0625e-06
0.324954 9.2336e-06 0.259613 -5.9711e-06 0.415407 -1.6375e-06
0.324963 8.47773e-06 0.259607 -4.80273e-06 0.415405 -2.1125e-06
0.324972 7.39694e-06 0.259603 -3.63444e-06 0.415403 -2.3875e-06
0.324979 6.70079e-06 0.259599 -2.72579e-06 0.415401 -2.6625e-06
0.324986 5.67968e-06 0.259597 -1.81718e-06 0.415398 -2.675e-06
0.324991 5.04318e-06 0.259595 -1.16818e-06 0.415395 -2.6875e-06
0.324996 4.24419e-06 0.259594 -5.19188e-07 0.415393 -2.6625e-06
0.325 3.475e-06 0.259594 0 0.41539 -2.475e-06
0.325003 2.89811e-06 0.259594 3.89391e-07 0.415388 -2.35e-06
0.325006 2.32122e-06 0.259594 7.78782e-07 0.415385 -2.1625e-06
0.325008 1.77412e-06 0.259595 1.03838e-06 0.415383 -1.9375e-06
0.325009 1.41932e-06 0.259596 1.16818e-06 0.415382 -1.775e-06
0.32501 9.0201e-07 0.259598 1.29799e-06 0.41538 -1.45e-06
0.325011 5.47205e-07 0.259599 1.42779e-06 0.415379 -1.2875e-06
0.325011 2.22194e-07 0.259601 1.42781e-06 0.415377 -9.625e-07
0.325011 5.9689e-08 0.259602 1.42781e-06 0.415377 -8.625e-07
0.325011 -2.65322e-07 0.259604 1.42782e-06 0.415376 -6e-07
0.325011 -4.27827e-07 0.259605 1.42783e-06 0.415375 -4.375e-07
0.32501 -5.60535e-07 0.259607 1.29803e-06 0.415375 -2.375e-07
0.32501 -7.2304e-07 0.259608 1.29804e-06 0.415375 -1.375e-07
0.325009 -6.93241e-07 0.259609 1.16824e-06 0.415375 -3.75e-08
0.325008 -6.6344e-07 0.25961 1.03844e-06 0.415375 6.25e-08
0.325007 -6.33638e-07 0.259611 9.08638e-07 0.415375 1.625e-07
0.325007 -7.96142e-07 0.259612 9.08642e-07 0.415375 2.625e-07
0.325006 -7.66339e-07 0.259613 7.78839e-07 0.415375 3.625e-07
0.325005 -7.36535e-07 0.259614 6.49035e-07 0.415376 4e-07
0.325004 -5.44228e-07 0.259614 5.19228e-07 0.415376 4e-07
0.325004 -7.0673e-07 0.259615 5.1923e-07 0.415377 4.375e-07
0.325003 -5.14423e-07 0.259615 3.89423e-07 0.415377 4.375e-07
0.325002 -4.84616e-07 0.259616 2.59616e-07 0.415378 4.75e-07
0.325002 -4.84616e-07 0.259616 2.59616e-07 0.415378 4.75e-07
0.325001 -2.92308e-07 0.259616 1.29808e-07 0.415379 4.125e-07
0.325001 -2.92308e-07 0.259616 1.29808e-07 0.415379 4.125e-07
0.325001 -4.54809e-07 0.259617 1.29808e-07 0.415379 5.125e-07
0.325 -2.625e-07 0.259617 -3.46945e-18 0.41538 4.5e-07
0.325 -2.625e-07 0.259617 -3.46945e-18 0.41538 4.5e-07
0.325 -2.625e-07 0.259617 -3.46945e-18 0.415381 3.875e-07
0.325 -2.625e-07 0.259617 -3.46945e-18 0.415381 3.875e-07
0.325 -2.625e-07 0.259617 -3.46945e-18 0.415381 3.875e-07
0.324999 -7.01915e-08 0.259617 -1.29809e-07 0.415382 3.25e-07
0.324999 9.2308e-08 0.259616 -1.29808e-07 0.415382 2.25e-07
0.324999 9.2308e-08 0.259616 -1.29808e-07 0.415382 2.25e-07
0.324999 9.2308e-08 0.259616 -1.29808e-07 0.415382 2.25e-07
0.324999 9.2308e-08 0.259616 -1.29808e-07 0.415383 1.625e-07
0.324999 9.2308e-08 0.259616 -1.29808e-07 0.415383 1.625e-07
0.324999 9.2308e-08 0.259616 -1.29808e-07 0.415383 1.625e-07
0.324999 9.2308e-08 0.259616 -1.29808e-07 0.415383 1.625e-07
0.324999 9.2308e-08 0.259616 -1.29808e-07 0.415383 1.625e-07
0.324999 9.2308e-08 0.259616 -1.29808e-07 0.415383 1.625e-07
0.325 -1e-07 0.259616 3.46945e-18 0.415384 1e-07
0.325 -1e-07 0.259616 3.46945e-18 0.415384 1e-07
0.325 -1e-07 0.259616 3.46945e-18 0.415384 1e-07
0.325 -1e-07 0.259616 3.46945e-18 0.415384 1e-07
0.325 6.25e-08 0.259615 3.46945e-18 0.415384 0
0.325 6.25e-08 0.259615 3.46945e-18 0.415384 0
0.325 6.25e-08 0.259615 3.46945e-18 0.415384 0
0.325 6.25e-08 0.259615 3.46945e-18 0.415384 0
0.325 6.25e-08 0.259615 3.46945e-18 0.415384 0
0.325 6.25e-08 0.259615 3.46945e-18 0.415384 0
0.325 6.25e-08 0.259615 3.46945e-18 0.415384 0
0.325 6.25e-08 0.259615 3.46945e-18 0.415384 0
0.325 6.25e-08 0.259615 3.46945e-18 0.415384 0
0.325 6.25e-08 0.259615 3.46945e-18 0.415384 0
0.325 6.25e-08 0.259615 3.46945e-18 0.415384 0
0.325 6.25e-08 0.259615 3.46945e-18 0.415384 0
0.325 6.25e-08 0.259615 3.46945e-18 0.415384 0
0.325 6.25e-08 0.259615 3.46945e-18 0.415384 0
0.325 6.25e-08 0.259615 3.46945e-18 0.415384 0
0.325 6.25e-08 0.259615 3.46945e-18 0.415384 0
0.325 6.25e-08 0.259615 3.46945e-18 0.415384 0
0.325 6.25e-08 0.259615 3.46945e-18 0.415384 0
0.325 6.25e-08 0.259615 3.46945e-18 0.415384 0
0.325 6.25e-08 0.259615 3.46945e-18 0.415384 0
0.325 6.25e-08 0.259615 3.46945e-18 0.415384 0
0.325 6.25e-08 0.259615 3.46945e-18 0.415384 0
0.325 6.25e-08 0.259615 3.46945e-18 0.415384 0
0.325 6.25e-08 0.259615 3.46945e-18 0.415384 0
0.325 6.25e-08 0.259615 3.46945e-18 0.415384 0
0.325 6.25e-08 0.259615 3.46945e-18 0.415384 0
0.325 6.25e-08 0.259615 3.46945e-18 0.415384 0
0.325 6.25e-08 0.259615 3.46945e-18 0.415384 0
0.325 6.25e-08 0.259615 3.46945e-18 0.415384 0
0.325 6.25e-08 0.259615 3.46945e-18 0.415384 0
0.325 6.25e-08 0.259615 3.46945e-18 0.415384 0
0.325 6.25e-08 0.259615 3.46945e-18 0.415384 0
0.325 6.25e-08 0.259615 3.46945e-18 0.415384 0
0.325 6.25e-08 0.259615 3.46945e-18 0.415384 0
0.325 6.25e-08 0.259615 3.46945e-18 0.415384 0
0.325 6.25e-08 0.259615 3.46945e-18 0.415385 -6.25e-08
0.325 6.25e-08 0.259615 3.46945e-18 0.415385 -6.25e-08
0.325 6.25e-08 0.259615 3.46945e-18 0.415385 -6.25e-08
0.325 6.25e-08 0.259615 3.46945e-18 0.415385 -6.25e-08
0.325 6.25e-08 0.259615 3.46945e-18 0.415385 -6.25e-08
0.325 6.25e-08 0.259615 3.46945e-18 0.415385 -6.25e-08
0.325 6.25e-08 0.259615 3.46945e-18 0.415385 -6.25e-08
0.325 6.25e-08 0.259615 3.46945e-18 0.415385 -6.25e-08
0.325 6.25e-08 0.259615 3.46945e-18 0.415385 -6.25e-08
0.325 6.25e-08 0.259615 3.46945e-18 0.415385 -6.25e-08
0.325 6.25e-08 0.259615 3.46945e-18 0.415385 -6.25e-08
0.325 6.25e-08 0.259615 3.46945e-18 0.415385 -6.25e-08
0.325 6.25e-08 0.259615 3.46945e-18 0.415385 -6.25e-08
0.325 6.25e-08 0.259615 3.46945e-18 0.415385 -6.25e-08
0.325 6.25e-08 0.259615 3.46945e-18 0.415385 -6.25e-08
0.325 6.25e-08 0.259615 3.46945e-18 0.415385 -6.25e-08
0.325 6.25e-08 0.259615 3.46945e-18 0.415385 -6.25e-08
0.325 6.25e-08 0.259615 3.46945e-18 0.415385 -6.25e-08
0.325 6.25e-08 0.259615 3.46945e-18 0.415385 -6.25e-08
0.325 6.25e-08 0.259615 3.46945e-18 0.415385 -6.25e-08
0.325 6.25e-08 0.259615 3.46945e-18 0.415385 -6.25e-08
0.325 6.25e-08 0.259615 3.46945e-18 0.415385 -6.25e-08
0.325 6.25e-08 0.259615 3.46945e-18 0.415385 -6.25e-08
0.325 6.25e-08 0.259615 3.46945e-18 0.415385 -6.25e-08
0.325 6.25e-08 0.259615 3.46945e-18 0.415385 -6.25e-08
0.325 6.25e-08 0.259615 3.46945e-18 0.415385 -6.25e-08
0.325 6.25e-08 0.259615 3.46945e-18 0.415385 -6.25e-08
0.325 6.25e-08 0.259615 3.46945e-18 0.415385 -6.25e-08
0.325 6.25e-08 0.259615 3.46945e-18 0.415385 -6.25e-08
0.325 6.25e-08 0.259615 3.46945e-18 0.415385 -6.25e-08
0.325 6.25e-08 0.259615 3.46945e-18 0.415385 -6.25e-08
0.325 6.25e-08 0.259615 3.46945e-18 0.415385 -6.25e-08
0.325 6.25e-08 0.259615 3.46945e-18 0.415385 -6.25e-08
0.325 6.25e-08 0.259615 3.46945e-18 0.415385 -6.25e-08
0.325 6.25e-08 0.259615 3.46945e-18 0.415385 -6.25e-08
0.325 6.25e-08 0.259615 3.46945e-18 0.415385 -6.25e-08
0.325 6.25e-08 0.259615 3.46945e-18 0.415385 -6.25e-08
0.325 6.25e-08 0.259615 3.46945e-18 0.415385 -6.25e-08
0.325 6.25e-08 0.259615 3.46945e-18 0.415385 -6.25e-08
0.325 6.25e-08 0.259615 3.46945e-18 0.415385 -6.25e-08
0.325 6.25e-08 0.259615 3.46945e-18 0.415385 -6.25e-08
0.325 6.25e-08 0.259615 3.46945e-18 0.415385 -6.25e-08
0.325 6.25e-08 0.259615 3.46945e-18 0.415385 -6.25e-08
0.325 6.25e-08 0.259615 3.46945e-18 0.415385 -6.25e-08
0.325 6.25e-08 0.259615 3.46945e-18 0.415385 -6.25e-08
0.325 6.25e-08 0.259615 3.46945e-18 0.415385 -6.25e-08
0.325 6.25e-08 0.259615 3.46945e-18 0.415385 -6.25e-08
0.325 6.25e-08 0.259615 3.46945e-18 0.415385 -6.25e-08
0.325 6.25e-08 0.259615 3.46945e-18 0.415385 -6.25e-08
0.325 6.25e-08 0.259615 3.46945e-18 0.415385 -6.25e-08
0.325 6.25e-08 0.259615 3.46945e-18 0.415385 -6.25e-08
0.325 6.25e-08 0.259615 3.46945e-18 0.415385 -6.25e-08
0.325 6.25e-08 0.259615 3.46945e-18 0.415385 -6.25e-08
0.325 6.25e-08 0.259615 3.46945e-18 0.415385 -6.25e-08
0.325 6.25e-08 0.259615 3.46945e-18 0.415385 -6.25e-08
0.325 6.25e-08 0.259615 3.46945e-18 0.415385 -6.25e-08
0.325 6.25e-08 0.259615 3.46945e-18 0.415385 -6.25e-08
0.325 6.25e-08 0.259615 3.46945e-18 0.415385 -6.25e-08
0.325 6.25e-08 0.259615 3.46945e-18 0.415385 -6.25e-08
0.325 6.25e-08 0.259615 3.46945e-18 0.415385 -6.25e-08
0.325 6.25e-08 0.259615 3.46945e-18 0.415385 -6.25e-08
0.325 6.25e-08 0.259615 3.46945e-18 0.415385 -6.25e-08
0.325 6.25e-08 0.259615 3.46945e-18 0.415385 -6.25e-08
0.325 6.25e-08 0.259615 3.46945e-18 0.415385 -6.25e-08
0.325 6.25e-08 0.259615 3.46945e-18 0.415385 -6.25e-08
0.325 6.25e-08 0.259615 3.46945e-18 0.415385 -6.25e-08
0.325 6.25e-08 0.259615 3.46945e-18 0.415385 -6.25e-08
0.325 6.25e-08 0.259615 3.46945e-18 0.415385 -6.25e-08
0.325 6.25e-08 0.259615 3.46945e-18 0.415385 -6.25e-08
0.325 6.25e-08 0.259615 3.46945e-18 0.415385 -6.25e-08
0.325 6.25e-08 0.259615 3.46945e-18 0.415385 -6.25e-08
0.325 6.25e-08 0.259615 3.46945e-18 0.415385 -6.25e-08
0.325 6.25e-08 0.259615 3.46945e-18 0.415385 -6.25e-08
0.325 6.25e-08 0.259615 3.46945e-18 0.415385 -6.25e-08
0.325 6.25e-08 0.259615 3.46945e-18 0.415385 -6.25e-08
0.325 6.25e-08 0.259615 3.46945e-18 0.415385 -6.25e-08
0.325 6.25e-08 0.259615 3.46945e-18 0.415385 -6.25e-08
0.325 6.25e-08 0.259615 3.46945e-18 0.415385 -6.25e-08
0.325 6.25e-08 0.259615 3.46945e-18 0.415385 -6.25e-08
0.325 6.25e-08 0.259615 3.46945e-18 0.415385 -6.25e-08
0.325 6.25e-08 0.259615 3.46945e-18 0.415385 -6.25e-08
0.325 6.25e-08 0.259615 3.46945e-18 0.415385 -6.25e-08
0.325 6.25e-08 0.259615 3.46945e-18 0.415385 -6.25e-08
0.325 6.25e-08 0.259615 3.46945e-18 0.415385 -6.25e-08
0.325 6.25e-08 0.259615 3.46945e-18 0.415385 -6.25e-08
0.325 6.25e-08 0.259615 3.46945e-18 0.415385 -6.25e-08
0.325 6.25e-08 0.259615 3.46945e-18 0.415385 -6.25e-08
0.325 6.25e-08 0.259615 3.46945e-18 0.415385 -6.25e-08
0.325 6.25e-08 0.259615 3.46945e-18 0.415385 -6.25e-08
0 0.0625 1.79616e-52 -2.91877e-53 1.7232e-317 1.79616e-53
