0.999999 -0.0131256 1.26582e-06 4.27214e-07 0 0.0131251
0.98719 -0.0121971 1.77004e-06 5.86051e-07 0.0126803 0.0122046
0.975288 -0.0113346 2.4597e-06 7.99757e-07 0.0244713 0.0113487
0.964227 -0.0105331 3.39828e-06 1.08614e-06 0.0354354 0.0105529
0.953948 -0.00978846 4.66974e-06 1.46851e-06 0.0456308 0.00981302
0.944396 -0.00909672 6.38483e-06 1.97737e-06 0.0551114 0.00912514
0.935518 -0.00845412 8.68925e-06 2.65247e-06 0.0639274 0.00848559
0.927268 -0.00785739 1.17743e-05 3.54564e-06 0.0721257 0.007891
0.919599 -0.00730323 1.58906e-05 4.72427e-06 0.0797496 0.00733823
0.912471 -0.0067889 2.13658e-05 6.27589e-06 0.0868395 0.00682438
0.905845 -0.00631173 2.86279e-05 8.31419e-06 0.093433 0.00634675
0.899684 -0.00586929 3.82346e-05 1.09864e-05 0.0995652 0.00590284
0.893953 -0.00545935 5.09116e-05 1.44832e-05 0.105269 0.00549031
0.888622 -0.00508013 6.76026e-05 1.90512e-05 0.110574 0.00510711
0.88366 -0.00472991 8.95323e-05 2.50091e-05 0.115509 0.00475124
0.879038 -0.00440725 0.000118289 3.27683e-05 0.120101 0.0044209
0.87473 -0.00411112 0.00015593 4.28597e-05 0.124374 0.00411452
0.870707 -0.00384056 0.000205116 5.59666e-05 0.128351 0.00383064
0.866946 -0.00359531 0.000269289 7.297e-05 0.132055 0.00356795
0.86342 -0.0033753 0.000352889 9.50012e-05 0.135506 0.00332536
0.860103 -0.003181 0.000461645 0.000123514 0.138724 0.00310194
0.856969 -0.0030136 0.000602939 0.000160372 0.141727 0.00289705
0.85399 -0.00287501 0.000786268 0.000207964 0.144534 0.00271015
0.851134 -0.00276793 0.00102384 0.000269339 0.147163 0.00254104
0.848369 -0.00269648 0.00133133 0.000348388 0.149632 0.00238982
0.845654 -0.00266589 0.00172879 0.000450051 0.151959 0.00225698
0.842946 -0.00268349 0.0022419 0.000580592 0.154163 0.00214346
0.84019 -0.00275847 0.00290339 0.000747899 0.156264 0.00205074
0.837322 -0.00290286 0.00375486 0.000961849 0.158283 0.00198102
0.834263 -0.00313175 0.00484903 0.00123472 0.160247 0.0019371
0.830918 -0.00346415 0.00625234 0.00158159 0.162182 0.00192304
0.82717 -0.00392337 0.00804802 0.00202074 0.164121 0.00194394
0.822874 -0.00453742 0.0103395 0.00257388 0.166102 0.00200632
0.817856 -0.00533949 0.013254 0.00326616 0.168172 0.00211821
0.811902 -0.00636714 0.016946 0.00412552 0.170386 0.00228949
0.804761 -0.00766135 0.0215994 0.00518127 0.172808 0.00253205
0.796135 -0.00926314 0.0274284 0.00646124 0.175519 0.00285925
0.785686 -0.0112087 0.0346741 0.00798694 0.17861 0.00328615
0.773042 -0.013521 0.0435953 0.00976626 0.182191 0.00382801
0.757816 -0.0161987 0.0544514 0.0117837 0.186384 0.0044993
0.739637 -0.0192016 0.0674735 0.0139885 0.191326 0.00531085
0.718197 -0.022436 0.0828232 0.0162829 0.197161 0.00626673
0.693312 -0.0257433 0.100541 0.0185152 0.204032 0.00736022
0.664994 -0.0289 0.120491 0.0204831 0.212066 0.00856992
0.633514 -0.0316331 0.142312 0.0219526 0.221361 0.00985628
0.59944 -0.0336584 0.165401 0.0226963 0.231964 0.0111617
0.56363 -0.0347329 0.188935 0.0225428 0.243857 0.0124137
0.527166 -0.0347112 0.211951 0.0214246 0.256943 0.0135328
0.491228 -0.0335803 0.233461 0.0194039 0.271047 0.0144429
0.456951 -0.031465 0.252592 0.0166649 0.285925 0.0150834
0.42529 -0.0285956 0.268697 0.0134738 0.301283 0.0154174
0.396923 -0.0252528 0.281419 0.0101202 0.316806 0.0154358
0.372227 -0.0217132 0.290692 0.00686426 0.332183 0.015155
0.351296 -0.0182085 0.296699 0.003901 0.347133 0.014612
0.334005 -0.0149067 0.299794 0.00134982 0.361418 0.0138558
0.320078 -0.0119109 0.300428 -0.000739353 0.374852 0.0129403
0.309154 -0.00926986 0.299082 -0.00236963 0.387305 0.0119182
0.300841 -0.00699308 0.296217 -0.00357815 0.398695 0.0108367
0.294752 -0.00506501 0.292249 -0.00441997 0.408986 0.00973579
0.290524 -0.00345575 0.287534 -0.00495651 0.418174 0.00864777
0.287833 -0.00212944 0.282362 -0.00524727 0.426288 0.00759653
0.286394 -0.00104912 0.276965 -0.00534626 0.433375 0.0065995
0.285963 -0.000180083 0.271523 -0.00529972 0.439494 0.00566856
0.286332 0.000509436 0.26617 -0.00514613 0.444718 0.00481045
0.287325 0.00104774 0.261002 -0.00491663 0.44912 0.00402845
0.288797 0.00145835 0.256089 -0.0046356 0.452779 0.00332318
0.290624 0.00176228 0.251476 -0.00432237 0.45577 0.00269321
0.292705 0.00197716 0.247189 -0.00399148 0.458167 0.00213551
0.294956 0.00211785 0.243242 -0.00365398 0.460042 0.00164614
0.297306 0.00219726 0.239639 -0.00331828 0.46146 0.00122071
0.299699 0.002226 0.236376 -0.00299027 0.462483 0.000854403
0.302088 0.00221346 0.233443 -0.00267432 0.463168 0.00054218
0.304434 0.00216789 0.230826 -0.00237358 0.463567 0.000279003
0.306709 0.00209571 0.228509 -0.00208983 0.463725 6.01775e-05
0.308889 0.00200273 0.226475 -0.00182437 0.463685 -0.000118922
0.310956 0.00189416 0.224704 -0.00157787 0.463485 -0.000262852
0.312896 0.00177429 0.223178 -0.00135067 0.463157 -0.000375553
0.314701 0.00164688 0.221876 -0.00114255 0.462732 -0.00046114
0.316366 0.00151498 0.220779 -0.000953103 0.462233 -0.000523002
0.317887 0.00138144 0.219869 -0.000781964 0.461684 -0.00056448
0.319266 0.00124831 0.219127 -0.000628237 0.461102 -0.000588515
0.320504 0.00111763 0.218536 -0.000491269 0.460505 -0.000597922
0.321605 0.00099115 0.218078 -0.000370187 0.459905 -0.000595212
0.322574 0.000870076 0.217738 -0.000264116 0.459313 -0.000582523
0.323419 0.000754983 0.217502 -0.000171935 0.458738 -0.000561735
0.324146 0.000647038 0.217355 -9.28106e-05 0.458188 -0.00053479
0.324763 0.000546781 0.217284 -2.57482e-05 0.457668 -0.00050322
0.325279 0.000454287 0.217278 3.03103e-05 0.457181 -0.000468222
0.325702 0.000370011 0.217325 7.62811e-05 0.45673 -0.000431105
0.326041 0.000293762 0.217416 0.000113165 0.456318 -0.000392865
0.326304 0.000225711 0.217541 0.000141837 0.455944 -0.00035436
0.326501 0.000165186 0.217693 0.000163379 0.455609 -0.000316252
0.326638 0.000112251 0.217865 0.000178431 0.455311 -0.000279058
0.326724 6.64259e-05 0.21805 0.000187959 0.45505 -0.000243385
0.326766 2.71055e-05 0.218244 0.000192709 0.454824 -0.00020944
0.326771 -5.82612e-06 0.21844 0.000193429 0.454631 -0.000177727
0.326744 -3.29406e-05 0.218636 0.000190651 0.454469 -0.000148273
0.326693 -5.51937e-05 0.218829 0.000185239 0.454335 -0.000121107
0.326621 -7.24717e-05 0.219015 0.000177512 0.454227 -9.64775e-05
0.326534 -8.56985e-05 0.219193 0.000168121 0.454142 -7.4235e-05
0.326435 -9.49283e-05 0.21936 0.000157391 0.454078 -5.4525e-05
0.326329 -0.000101234 0.219517 0.000145869 0.454033 -3.70725e-05
0.326218 -0.000104491 0.219661 0.000133774 0.454004 -2.197e-05
0.326106 -0.000105593 0.219793 0.000121546 0.453989 -8.9525e-06
0.325994 -0.000104724 0.219913 0.000109297 0.453986 2.115e-06
0.325884 -0.000102089 0.22002 9.72488e-05 0.453993 1.12775e-05
0.325778 -9.82172e-05 0.220115 8.56247e-05 0.454009 1.87175e-05
0.325676 -9.31119e-05 0.220198 7.44269e-05 0.454031 2.46225e-05
0.325581 -8.74859e-05 0.22027 6.39884e-05 0.454058 2.9185e-05
0.325492 -8.13217e-05 0.220332 5.42017e-05 0.454089 3.25575e-05
0.32541 -7.48037e-05 0.220384 4.51787e-05 0.454123 3.48125e-05
0.325335 -6.80965e-05 0.220427 3.69215e-05 0.454159 3.61125e-05
0.325267 -6.13642e-05 0.220462 2.94317e-05 0.454196 3.662e-05
0.325206 -5.47705e-05 0.22049 2.27105e-05 0.454232 3.656e-05
0.325152 -4.83163e-05 0.220511 1.67588e-05 0.454269 3.58075e-05
0.325105 -4.21651e-05 0.220526 1.15776e-05 0.454304 3.465e-05
0.325064 -3.62972e-05 0.220536 7.05715e-06 0.454338 3.3115e-05
0.32503 -3.10581e-05 0.220542 3.30813e-06 0.454371 3.13125e-05
0.325 -2.59e-05 0.220544 -1.73472e-18 0.454401 2.93375e-05
0.324976 -2.1351e-05 0.220543 -2.64652e-06 0.454429 2.72475e-05
0.324956 -1.72081e-05 0.22054 -4.85188e-06 0.454456 2.506e-05
0.32494 -1.3309e-05 0.220534 -6.61602e-06 0.45448 2.28e-05
0.324928 -9.97853e-06 0.220527 -7.93897e-06 0.454501 2.06675e-05
0.32492 -7.21674e-06 0.220519 -8.82076e-06 0.454521 1.85375e-05
0.324914 -4.65807e-06 0.22051 -9.48193e-06 0.454538 1.6515e-05
0.324911 -2.48525e-06 0.2205 -9.81225e-06 0.454554 1.4485e-05
0.32491 -6.7795e-07 0.22049 -9.92205e-06 0.454567 1.26625e-05
0.32491 9.466e-07 0.22048 -9.9216e-06 0.454579 1.09125e-05
0.324912 2.20568e-06 0.22047 -9.70068e-06 0.454589 9.3075e-06
0.324915 3.28205e-06 0.22046 -9.36955e-06 0.454598 7.775e-06
0.324919 4.17573e-06 0.22045 -8.92823e-06 0.454605 6.3775e-06
0.324924 4.5618e-06 0.220442 -8.3768e-06 0.45461 5.315e-06
0.324929 5.11037e-06 0.220433 -7.82537e-06 0.454615 4.1525e-06
0.324935 5.15135e-06 0.220426 -7.16385e-06 0.454619 3.2625e-06
0.324941 5.35483e-06 0.220418 -6.50233e-06 0.454622 2.335e-06
0.324946 5.41612e-06 0.220412 -5.95112e-06 0.454624 1.66e-06
0.324952 5.29474e-06 0.220406 -5.28974e-06 0.454625 1.0575e-06
0.324957 5.19362e-06 0.220401 -4.73862e-06 0.454626 5.45e-07
0.324963 4.90983e-06 0.220396 -4.07733e-06 0.454626 1.05e-07
0.324968 4.64627e-06 0.220392 -3.52627e-06 0.454626 -2.45e-07
0.324972 4.40295e-06 0.220389 -3.08545e-06 0.454626 -5.05e-07
0.324977 3.97694e-06 0.220386 -2.53444e-06 0.454625 -6.925e-07
0.324981 3.57115e-06 0.220384 -2.09365e-06 0.454624 -7.9e-07
0.324985 3.16537e-06 0.220382 -1.65287e-06 0.454623 -8.875e-07
0.324988 2.94228e-06 0.22038 -1.32228e-06 0.454622 -9.95e-07
0.324991 2.55671e-06 0.220379 -9.91706e-07 0.454621 -1.0025e-06
0.324993 2.35382e-06 0.220378 -7.71323e-07 0.45462 -1.02e-06
0.324996 1.96825e-06 0.220377 -4.40754e-07 0.454619 -1.0275e-06
0.324998 1.60288e-06 0.220377 -2.20377e-07 0.454618 -9.45e-07
0.324999 1.42019e-06 0.220377 -1.10189e-07 0.454617 -8.725e-07
0.325001 1.05481e-06 0.220377 1.10188e-07 0.454616 -7.9e-07
0.325002 8.72123e-07 0.220377 2.20377e-07 0.454616 -7.8e-07
0.325003 6.89435e-07 0.220377 3.30565e-07 0.454615 -7.075e-07
0.325003 6.89435e-07 0.220377 3.30565e-07 0.454614 -6.45e-07
0.325004 3.44244e-07 0.220378 4.40756e-07 0.454614 -5.35e-07
0.325004 3.44244e-07 0.220378 4.40756e-07 0.454613 -4.725e-07
0.325004 3.44244e-07 0.220378 4.40756e-07 0.454613 -4.725e-07
0.325005 -9.475e-10 0.220379 5.50947e-07 0.454612 -3e-07
0.325005 -1.6345e-07 0.22038 5.5095e-07 0.454612 -2e-07
0.325005 -1.6345e-07 0.22038 5.5095e-07 0.454612 -2e-07
0.325004 -1.43262e-07 0.220381 4.40762e-07 0.454612 -1.1e-07
0.325004 -1.43262e-07 0.220381 4.40762e-07 0.454611 -4.75e-08
0.325004 -1.43262e-07 0.220381 4.40762e-07 0.454611 -4.75e-08
0.325004 -3.05764e-07 0.220382 4.40764e-07 0.454611 5.25e-08
0.325003 -1.23073e-07 0.220382 3.30573e-07 0.454611 4.25e-08
0.325003 -2.85575e-07 0.220383 3.30574e-07 0.454612 8e-08
0.325003 -2.85575e-07 0.220383 3.30574e-07 0.454612 8e-08
0.325003 -2.85575e-07 0.220383 3.30574e-07 0.454612 8e-08
0.325002 -2.65384e-07 0.220384 2.20384e-07 0.454612 1.7e-07
0.325002 -2.65384e-07 0.220384 2.20384e-07 0.454612 1.7e-07
0.325002 -2.65384e-07 0.220384 2.20384e-07 0.454612 1.7e-07
0.325002 -2.65384e-07 0.220384 2.20384e-07 0.454612 1.7e-07
0.325001 -8.2692e-08 0.220384 1.10192e-07 0.454613 9.75e-08
0.325001 -2.45192e-07 0.220385 1.10192e-07 0.454613 1.975e-07
0.325001 -2.45192e-07 0.220385 1.10192e-07 0.454613 1.975e-07
0.325001 -2.45192e-07 0.220385 1.10192e-07 0.454613 1.975e-07
0.325001 -2.45192e-07 0.220385 1.10192e-07 0.454613 1.975e-07
0.325 -6.25e-08 0.220385 -3.46945e-18 0.454613 1.875e-07
0.325 -6.25e-08 0.220385 -3.46945e-18 0.454614 1.25e-07
0.325 -6.25e-08 0.220385 -3.46945e-18 0.454614 1.25e-07
0.325 -6.25e-08 0.220385 -3.46945e-18 0.454614 1.25e-07
0.325 -6.25e-08 0.220385 -3.46945e-18 0.454614 1.25e-07
0.325 -6.25e-08 0.220385 -3.46945e-18 0.454614 1.25e-07
0.325 -6.25e-08 0.220385 -3.46945e-18 0.454614 1.25e-07
0.325 -6.25e-08 0.220385 -3.46945e-18 0.454614 1.25e-07
0.325 -6.25e-08 0.220385 -3.46945e-18 0.454614 1.25e-07
0.325 -6.25e-08 0.220385 -3.46945e-18 0.454615 6.25e-08
0.325 -6.25e-08 0.220385 -3.46945e-18 0.454615 6.25e-08
0.325 -6.25e-08 0.220385 -3.46945e-18 0.454615 6.25e-08
0.325 -6.25e-08 0.220385 -3.46945e-18 0.454615 6.25e-08
0.325 -6.25e-08 0.220385 -3.46945e-18 0.454615 6.25e-08
0.325 -6.25e-08 0.220385 -3.46945e-18 0.454615 6.25e-08
0.325 -6.25e-08 0.220385 -3.46945e-18 0.454615 6.25e-08
0.325 -6.25e-08 0.220385 -3.46945e-18 0.454615 6.25e-08
0.325 -6.25e-08 0.220385 -3.46945e-18 0.454615 6.25e-08
0.325 -6.25e-08 0.220385 -3.46945e-18 0.454615 6.25e-08
0.325 -6.25e-08 0.220385 -3.46945e-18 0.454615 6.25e-08
0.325 -6.25e-08 0.220385 -3.46945e-18 0.454615 6.25e-08
0.325 -6.25e-08 0.220385 -3.46945e-18 0.454615 6.25e-08
0.325 -6.25e-08 0.220385 -3.46945e-18 0.454615 6.25e-08
0.325 -6.25e-08 0.220385 -3.46945e-18 0.454615 6.25e-08
0.325 -6.25e-08 0.220385 -3.46945e-18 0.454615 6.25e-08
0.325 -6.25e-08 0.220385 -3.46945e-18 0.454615 6.25e-08
0.325 -6.25e-08 0.220385 -3.46945e-18 0.454615 6.25e-08
0.325 -6.25e-08 0.220385 -3.46945e-18 0.454615 6.25e-08
0.325 -6.25e-08 0.220385 -3.46945e-18 0.454615 6.25e-08
0.325 -6.25e-08 0.220385 -3.46945e-18 0.454615 6.25e-08
0.325 -6.25e-08 0.220385 -3.46945e-18 0.454615 6.25e-08
0.325 -6.25e-08 0.220385 -3.46945e-18 0.454615 6.25e-08
0.325 -6.25e-08 0.220385 -3.46945e-18 0.454615 6.25e-08
0.325 -6.25e-08 0.220385 -3.46945e-18 0.454615 6.25e-08
0.325 -6.25e-08 0.220385 -3.46945e-18 0.454615 6.25e-08
0.325 -6.25e-08 0.220385 -3.46945e-18 0.454615 6.25e-08
0.325 -6.25e-08 0.220385 -3.46945e-18 0.454615 6.25e-08
0.325 -6.25e-08 0.220385 -3.46945e-18 0.454615 6.25e-08
0.325 -6.25e-08 0.220385 -3.46945e-18 0.454615 6.25e-08
0.325 -6.25e-08 0.220385 -3.46945e-18 0.454615 6.25e-08
0.325 -6.25e-08 0.220385 -3.46945e-18 0.454615 6.25e-08
0.325 -6.25e-08 0.220385 -3.46945e-18 0.454615 6.25e-08
0.325 -6.25e-08 0.220385 -3.46945e-18 0.454615 6.25e-08
0.325 -6.25e-08 0.220385 -3.46945e-18 0.454615 6.25e-08
0.325 -6.25e-08 0.220385 -3.46945e-18 0.454615 6.25e-08
0.325 -6.25e-08 0.220385 -3.46945e-18 0.454615 6.25e-08
0.325 -6.25e-08 0.220385 -3.46945e-18 0.454615 6.25e-08
0.325 -6.25e-08 0.220385 -3.46945e-18 0.454615 6.25e-08
0.325 -6.25e-08 0.220385 -3.46945e-18 0.454615 6.25e-08
0.325 -6.25e-08 0.220385 -3.46945e-18 0.454615 6.25e-08
0.325 -6.25e-08 0.220385 -3.46945e-18 0.454615 6.25e-08
0.325 -6.25e-08 0.220385 -3.46945e-18 0.454615 6.25e-08
0.325 -6.25e-08 0.220385 -3.46945e-18 0.454615 6.25e-08
0.325 -6.25e-08 0.220385 -3.46945e-18 0.454615 6.25e-08
0.325 -6.25e-08 0.220385 -3.46945e-18 0.454615 6.25e-08
0.325 -6.25e-08 0.220385 -3.46945e-18 0.454615 6.25e-08
0.325 -6.25e-08 0.220385 -3.46945e-18 0.454615 6.25e-08
0.325 -6.25e-08 0.220385 -3.46945e-18 0.454615 6.25e-08
0.325 -6.25e-08 0.220385 -3.46945e-18 0.454615 6.25e-08
0.325 -6.25e-08 0.220385 -3.46945e-18 0.454615 6.25e-08
0.325 -6.25e-08 0.220385 -3.46945e-18 0.454615 6.25e-08
0.325 -6.25e-08 0.220385 -3.46945e-18 0.454615 6.25e-08
0.325 -6.25e-08 0.220385 -3.46945e-18 0.454615 6.25e-08
0.325 -6.25e-08 0.220385 -3.46945e-18 0.454615 6.25e-08
0.325 -6.25e-08 0.220385 -3.46945e-18 0.454615 6.25e-08
0.325 -6.25e-08 0.220385 -3.46945e-18 0.454615 6.25e-08
0.325 -6.25e-08 0.220385 -3.46945e-18 0.454615 6.25e-08
0.325 -6.25e-08 0.220385 -3.46945e-18 0.454615 6.25e-08
0.325 -6.25e-08 0.220385 -3.46945e-18 0.454615 6.25e-08
0.325 -6.25e-08 0.220385 -3.46945e-18 0.454615 6.25e-08
0.325 -6.25e-08 0.220385 -3.46945e-18 0.454615 6.25e-08
0.325 -6.25e-08 0.220385 -3.46945e-18 0.454615 6.25e-08
0.325 -6.25e-08 0.220385 -3.46945e-18 0.454615 6.25e-08
0.325 -6.25e-08 0.220385 -3.46945e-18 0.454615 6.25e-08
0.325 -6.25e-08 0.220385 -3.46945e-18 0.454615 6.25e-08
0.325 -6.25e-08 0.220385 -3.46945e-18 0.454615 6.25e-08
0.325 -6.25e-08 0.220385 -3.46945e-18 0.454615 6.25e-08
0.325 -6.25e-08 0.220385 -3.46945e-18 0.454615 6.25e-08
0.325 -6.25e-08 0.220385 -3.46945e-18 0.454615 6.25e-08
0.325 -6.25e-08 0.220385 -3.46945e-18 0.454615 6.25e-08
0.325 -6.25e-08 0.220385 -3.46945e-18 0.454615 6.25e-08
0.325 -6.25e-08 0.220385 -3.46945e-18 0.454615 6.25e-08
0.325 -6.25e-08 0.220385 -3.46945e-18 0.454615 6.25e-08
0.325 -6.25e-08 0.220385 -3.46945e-18 0.454615 6.25e-08
0.325 -6.25e-08 0.220385 -3.46945e-18 0.454615 6.25e-08
0.325 -6.25e-08 0.220385 -3.46945e-18 0.454615 6.25e-08
0.325 -6.25e-08 0.220385 -3.46945e-18 0.454615 6.25e-08
0.325 -6.25e-08 0.220385 -3.46945e-18 0.454615 6.25e-08
0.325 -6.25e-08 0.220385 -3.46945e-18 0.454615 6.25e-08
0.325 -6.25e-08 0.220385 -3.46945e-18 0.454615 6.25e-08
0.325 -6.25e-08 0.220385 -3.46945e-18 0.454615 6.25e-08
0.325 -6.25e-08 0.220385 -3.46945e-18 0.454615 6.25e-08
0.325 -6.25e-08 0.220385 -3.46945e-18 0.454615 6.25e-08
0.325 -6.25e-08 0.220385 -3.46945e-18 0.454615 6.25e-08
0.325 -6.25e-08 0.220385 -3.46945e-18 0.454615 6.25e-08
0.325 -6.25e-08 0.220385 -3.46945e-18 0.454615 6.25e-08
0.325 -6.25e-08 0.220385 -3.46945e-18 0.454615 6.25e-08
0.325 -6.25e-08 0.220385 -3.46945e-18 0.454615 6.25e-08
0.325 -6.25e-08 0.220385 -3.46945e-18 0.454615 6.25e-08
0.325 -6.25e-08 0.220385 -3.46945e-18 0.454615 6.25e-08
0.325 -6.25e-08 0.220385 -3.46945e-18 0.454615 6.25e-08
0.325 -6.25e-08 0.220385 -3.46945e-18 0.454615 6.25e-08
0.325 -6.25e-08 0.220385 -3.46945e-18 0.454615 6.25e-08
0.325 -6.25e-08 0.220385 -3.46945e-18 0.454615 6.25e-08
0.325 -6.25e-08 0.220385 -3.46945e-18 0.454615 6.25e-08
0.325 -6.25e-08 0.220385 -3.46945e-18 0.454615 6.25e-08
0.325 -6.25e-08 0.220385 -3.46945e-18 0.454615 6.25e-08
0.325 -6.25e-08 0.220385 -3.46945e-18 0.454615 6.25e-08
0.325 -6.25e-08 0.220385 -3.46945e-18 0.454615 6.25e-08
0.325 -6.25e-08 0.220385 -3.46945e-18 0.454615 6.25e-08
0.325 -6.25e-08 0.220385 -3.46945e-18 0.454615 6.25e-08
0.325 -6.25e-08 0.220385 -3.46945e-18 0.454615 6.25e-08
0.325 -6.25e-08 0.220385 -3.46945e-18 0.454615 6.25e-08
0.325 -6.25e-08 0.220385 -3.46945e-18 0.454615 6.25e-08
0.325 -6.25e-08 0.220385 -3.46945e-18 0.454615 6.25e-08
0.325 -6.25e-08 0.220385 -3.46945e-18 0.454615 6.25e-08
0.325 -6.25e-08 0.220385 -3.46945e-18 0.454615 6.25e-08
0.325 -6.25e-08 0.220385 -3.46945e-18 0.454615 6.25e-08
0.325 -6.25e-08 0.220385 -3.46945e-18 0.454615 6.25e-08
0.325 -6.25e-08 0.220385 -3.46945e-18 0.454615 6.25e-08
0.325 -6.25e-08 0.220385 -3.46945e-18 0.454615 6.25e-08
0.325 -6.25e-08 0.220385 -3.46945e-18 0.454615 6.25e-08
0.325 -6.25e-08 0.220385 -3.46945e-18 0.454615 6.25e-08
0 0.059375 3.37796e-57 -5.48919e-58 1.72232e-317 0.003125
