0.998 -0.000998 0.002 0.000798 0 0.0002
0.996774 -0.00148526 0.00298013 0.00118725 0.000245732 0.000298013
0.994951 -0.0022076 0.00443761 0.00176384 0.000611767 0.000443761
0.992242 -0.00327504 0.00660129 0.00261491 0.00115655 0.000660129
0.988228 -0.00484499 0.0098054 0.00386445 0.00196635 0.00098054
0.982299 -0.00713778 0.0145328 0.0056845 0.00316791 0.00145328
0.973584 -0.0104513 0.0214697 0.00830431 0.00494591 0.00214697
0.960866 -0.015166 0.0315673 0.0120092 0.00756638 0.00315673
0.9425 -0.0217217 0.0460938 0.0171123 0.0114061 0.00460938
0.916378 -0.0305323 0.066637 0.0238686 0.0169849 0.0066637
0.880022 -0.0417943 0.0949846 0.0322958 0.0249935 0.00949846
0.830932 -0.0551614 0.13277 0.0418844 0.0362979 0.013277
0.767318 -0.0693613 0.180789 0.0512824 0.051893 0.0180789
0.689186 -0.0820276 0.238042 0.0582234 0.0727721 0.0238042
0.59938 -0.0901821 0.300918 0.0600903 0.0997018 0.0300918
0.50378 -0.0915031 0.363266 0.0551765 0.132954 0.0363266
0.410014 -0.0856669 0.417873 0.0438796 0.172113 0.0417873
0.325086 -0.074579 0.458826 0.0286964 0.216088 0.0458826
0.253361 -0.0612246 0.483299 0.0128947 0.26334 0.0483299
0.196036 -0.0481998 0.491744 -0.000974637 0.31222 0.0491744
0.151947 -0.0369844 0.486807 -0.0116963 0.361245 0.0486807
0.118807 -0.0280351 0.471943 -0.0191592 0.409249 0.0471943
0.0941492 -0.0212044 0.450442 -0.0238398 0.455409 0.0450442
0.0758156 -0.0161102 0.424984 -0.0263882 0.499201 0.0424984
0.0621059 -0.0123454 0.39756 -0.0274106 0.540334 0.039756
0.0517526 -0.00956282 0.369559 -0.0273931 0.578688 0.0369559
0.0438381 -0.00749432 0.341909 -0.0266966 0.614253 0.0341909
0.0377069 -0.00594253 0.315196 -0.0255771 0.647097 0.0315196
0.0328922 -0.00476569 0.289776 -0.0242119 0.677332 0.0289776
0.0290606 -0.00386275 0.265841 -0.0227214 0.705099 0.0265841
0.0259725 -0.00316185 0.243477 -0.0211858 0.73055 0.0243477
0.0234537 -0.00261158 0.222701 -0.0196585 0.753845 0.0222701
0.0213765 -0.00217487 0.203482 -0.0181733 0.775141 0.0203482
0.0196464 -0.00182479 0.185763 -0.0167515 0.794591 0.0185763
0.018192 -0.00154148 0.169468 -0.0154053 0.81234 0.0169468
0.0169593 -0.00131021 0.154512 -0.014141 0.828528 0.0154512
0.0159068 -0.00111991 0.140809 -0.012961 0.843284 0.0140809
0.0150022 -0.000962159 0.128269 -0.0118647 0.856728 0.0128269
0.0142201 -0.000830497 0.116806 -0.0108501 0.868973 0.0116806
0.0135404 -0.000719923 0.106337 -0.00991378 0.880123 0.0106337
0.0129468 -0.000626509 0.096782 -0.00905169 0.890271 0.0096782
0.0124264 -0.000547177 0.0880668 -0.0082595 0.899507 0.00880668
0.0119683 -0.00047946 0.0801216 -0.0075327 0.90791 0.00801216
0.0115639 -0.000421397 0.0728815 -0.00686675 0.915555 0.00728815
0.0112057 -0.000371393 0.0662865 -0.00625726 0.922508 0.00662865
0.0108876 -0.000328157 0.0602809 -0.00569993 0.928831 0.00602809
0.0106045 -0.000290635 0.0548136 -0.00519072 0.934582 0.00548136
0.0103521 -0.000257961 0.0498374 -0.00472578 0.939811 0.00498374
0.0101265 -0.000229412 0.0453092 -0.00430151 0.944564 0.00453092
0.00992459 -0.000204394 0.0411894 -0.00391455 0.948886 0.00411894
0.00974363 -0.00018241 0.0374418 -0.00356177 0.952815 0.00374418
0.00958121 -0.00016304 0.0340332 -0.00324028 0.956386 0.00340332
0.00943526 -0.000145932 0.0309333 -0.0029474 0.959631 0.00309333
0.00930397 -0.000130788 0.0281144 -0.00268065 0.962582 0.00281144
0.00918575 -0.000117354 0.0255514 -0.00243779 0.965263 0.00255514
0.00907922 -0.000105415 0.0232211 -0.0022167 0.9677 0.00232211
0.00898313 -9.47841e-05 0.0211027 -0.00201549 0.969914 0.00211027
0.00889641 -8.53032e-05 0.019177 -0.0018324 0.971927 0.0019177
0.00881809 -7.68342e-05 0.0174265 -0.00166582 0.973755 0.00174265
0.00874732 -6.92591e-05 0.0158355 -0.00151429 0.975417 0.00158355
0.00868334 -6.24736e-05 0.0143893 -0.00137646 0.976927 0.00143893
0.00862548 -5.63891e-05 0.013075 -0.00125111 0.978299 0.0013075
0.00857311 -5.09268e-05 0.0118806 -0.00113713 0.979546 0.00118806
0.00852571 -4.60179e-05 0.0107951 -0.00103349 0.980679 0.00107951
0.00848279 -4.16021e-05 0.00980859 -0.000939257 0.981709 0.000980859
0.00844391 -3.76267e-05 0.00891215 -0.000853588 0.982644 0.000891215
0.00840869 -3.40449e-05 0.00809754 -0.000775709 0.983494 0.000809754
0.00837677 -3.08152e-05 0.00735731 -0.000704916 0.984266 0.000735731
0.00834783 -2.79013e-05 0.00668469 -0.000640568 0.984967 0.000668469
0.00832159 -2.52706e-05 0.0060735 -0.000582079 0.985605 0.00060735
0.0082978 -2.28943e-05 0.00551816 -0.000528922 0.986184 0.000551816
0.00827622 -2.07466e-05 0.00501355 -0.000480608 0.98671 0.000501355
0.00825664 -1.88047e-05 0.00455506 -0.000436701 0.987188 0.000455506
0.00823888 -1.70482e-05 0.00413848 -0.0003968 0.987623 0.000413848
0.00822277 -1.54587e-05 0.00375997 -0.000360538 0.988017 0.000375997
0.00820814 -1.40198e-05 0.00341607 -0.000327587 0.988376 0.000341607
0.00819487 -1.27168e-05 0.00310361 -0.000297644 0.988702 0.000310361
0.00818282 -1.15366e-05 0.00281972 -0.000270435 0.988997 0.000281972
0.00817189 -1.04673e-05 0.00256178 -0.000245711 0.989266 0.000256178
0.00816196 -9.49824e-06 0.00232744 -0.000223246 0.989511 0.000232744
0.00815295 -8.61979e-06 0.00211452 -0.000202832 0.989733 0.000211452
0.00814477 -7.82338e-06 0.00192108 -0.000184285 0.989934 0.000192108
0.00813734 -7.10117e-06 0.00174533 -0.000167432 0.990117 0.000174533
0.00813059 -6.44614e-06 0.00158565 -0.000152119 0.990284 0.000158565
0.00812447 -5.85197e-06 0.00144058 -0.000138206 0.990435 0.000144058
0.0081189 -5.31293e-06 0.00130878 -0.000125565 0.990572 0.000130878
0.00811385 -4.82385e-06 0.00118904 -0.00011408 0.990697 0.000118904
0.00810926 -4.38001e-06 0.00108025 -0.000103645 0.99081 0.000108025
0.0081051 -3.97723e-06 0.000981413 -9.41641e-05 0.990913 9.81413e-05
0.00810131 -3.61163e-06 0.000891617 -8.55501e-05 0.991007 8.91617e-05
0.00809788 -3.27979e-06 0.000810037 -7.77239e-05 0.991092 8.10037e-05
0.00809475 -2.97855e-06 0.000735921 -7.06136e-05 0.991169 7.35921e-05
0.00809192 -2.70507e-06 0.000668585 -6.41534e-05 0.991239 6.68585e-05
0.00808934 -2.45677e-06 0.00060741 -5.82842e-05 0.991303 6.0741e-05
0.008087 -2.23133e-06 0.000551832 -5.29519e-05 0.991361 5.51832e-05
0.00808488 -2.02663e-06 0.000501339 -4.81073e-05 0.991414 5.01339e-05
0.00808295 -1.84075e-06 0.000455465 -4.37057e-05 0.991462 4.55465e-05
0.00808119 -1.67196e-06 0.00041379 -3.9707e-05 0.991505 4.1379e-05
0.0080796 -1.51867e-06 0.000375927 -3.6074e-05 0.991544 3.75927e-05
0.00807815 -1.37946e-06 0.000341529 -3.27734e-05 0.99158 3.41529e-05
0 -0 7.86062e-67 -7.86062e-68 1.79822e-52 7.86062e-68
